phi_deg = 15.775908368274445
Pb = 426992.78435383976
Pz = 8980324.223288964
Pg_avg = 777506.8034517275
V_alpha_avg = 0.0017020277851822817
A_cycle = 3454.1915897071813
Q_in = 1421.9110385796494
eta = 2.429259986023867
